          8001	2024-05-13 10:24:49	1	0	1	0
          8002	2024-05-13 10:25:54	1	0	1	0
          8003	2024-05-13 10:33:48	1	0	1	0
          8004	2024-05-13 10:34:29	1	0	1	0
          8005	2024-05-13 10:35:22	1	0	1	0
          8006	2024-05-13 10:36:17	1	0	1	0
          8007	2024-05-13 10:37:07	1	0	1	0
          8010	2024-05-13 10:40:40	1	0	1	0
          8011	2024-05-13 10:41:57	1	0	1	0
          8008	2024-05-13 10:45:37	1	0	1	0
          8009	2024-05-13 10:47:33	1	0	1	0
          8012	2024-05-13 10:49:11	1	0	1	0
          8014	2024-05-13 10:53:54	1	0	1	0
          8021	2024-05-13 10:55:17	1	0	1	0
          8015	2024-05-13 10:58:19	1	0	1	0
          8016	2024-05-13 10:59:59	1	0	1	0
          8017	2024-05-13 11:00:40	1	0	1	0
          8018	2024-05-13 11:02:36	1	0	1	0
          8019	2024-05-13 11:03:24	1	0	1	0
          8020	2024-05-13 11:06:25	1	0	1	0
          8022	2024-05-13 11:09:56	1	0	1	0
          8023	2024-05-13 11:10:43	1	0	1	0
          8024	2024-05-13 11:12:20	1	0	1	0
          8025	2024-05-13 11:13:57	1	0	1	0
          8027	2024-05-13 11:19:18	1	0	1	0
          8028	2024-05-13 11:20:15	1	0	1	0
          8026	2024-05-13 11:21:28	1	0	1	0
          8029	2024-05-13 11:23:11	1	0	1	0
          8030	2024-05-13 11:23:55	1	0	1	0
          8031	2024-05-13 11:24:25	1	0	1	0
          8032	2024-05-13 11:25:18	1	0	1	0
          8033	2024-05-13 11:27:15	1	0	1	0
          8034	2024-05-13 11:28:32	1	0	1	0
          8036	2024-05-13 11:32:37	1	0	1	0
          8035	2024-05-13 11:33:32	1	0	1	0
          8037	2024-05-13 11:37:13	1	0	1	0
          8038	2024-05-13 11:37:55	1	0	1	0
          8039	2024-05-13 11:39:09	1	0	1	0
          8040	2024-05-13 11:42:10	1	0	1	0
          8041	2024-05-13 11:45:54	1	0	1	0
          8042	2024-05-13 11:47:43	1	0	1	0
          8043	2024-05-13 11:50:02	1	0	1	0
          8045	2024-05-13 11:50:55	1	0	1	0
          8044	2024-05-13 11:52:08	1	0	1	0
          8046	2024-05-13 11:52:59	1	0	1	0
          8047	2024-05-13 11:54:12	1	0	1	0
          8048	2024-05-13 11:55:10	1	0	1	0
          8049	2024-05-13 11:56:20	1	0	1	0
          8050	2024-05-13 11:58:42	1	0	1	0
          8051	2024-05-13 12:00:11	1	0	1	0
          8060	2024-05-13 12:02:52	1	0	1	0
          8061	2024-05-13 12:03:50	1	0	1	0
          8064	2024-05-13 12:07:24	1	0	1	0
          8059	2024-05-13 12:13:18	1	0	1	0
          8058	2024-05-13 12:14:16	1	0	1	0
          8057	2024-05-13 12:15:45	1	0	1	0
          8056	2024-05-13 12:16:24	1	0	1	0
          8055	2024-05-13 12:17:18	1	0	1	0
          8054	2024-05-13 12:18:39	1	0	1	0
          8052	2024-05-13 12:22:47	1	0	1	0
          8053	2024-05-13 12:24:40	1	0	1	0
          8070	2024-05-13 12:25:18	1	0	1	0
          8071	2024-05-13 12:26:11	1	0	1	0
          8072	2024-05-13 12:27:54	1	0	1	0
          8073	2024-05-13 12:31:06	1	0	1	0
          8074	2024-05-13 12:32:27	1	0	1	0
          8075	2024-05-13 12:35:04	1	0	1	0
          8076	2024-05-13 12:36:09	1	0	1	0
          8077	2024-05-13 12:39:49	1	0	1	0
          8078	2024-05-13 12:41:11	1	0	1	0
          8079	2024-05-13 12:42:10	1	0	1	0
          8080	2024-05-13 12:44:18	1	0	1	0
          8081	2024-05-13 12:45:11	1	0	1	0
          8082	2024-05-13 12:45:56	1	0	1	0
          8083	2024-05-13 12:47:30	1	0	1	0
          8065	2024-05-13 12:49:11	1	0	1	0
          8068	2024-05-13 12:58:22	1	0	1	0
          8069	2024-05-13 13:03:40	1	0	1	0
          8084	2024-05-13 13:11:30	1	0	1	0
          8086	2024-05-13 13:13:05	1	0	1	0
          8085	2024-05-13 13:13:51	1	0	1	0
          8087	2024-05-13 13:14:17	1	0	1	0
          8088	2024-05-13 13:14:52	1	0	1	0
          8095	2024-05-13 13:15:24	1	0	1	0
          8096	2024-05-13 13:16:55	1	0	1	0
          8106	2024-05-13 13:25:00	1	0	1	0
          8103	2024-05-13 13:26:59	1	0	1	0
          8099	2024-05-13 13:27:34	1	0	1	0
          8100	2024-05-13 13:28:41	1	0	1	0
          8093	2024-05-13 13:30:57	1	0	1	0
          8105	2024-05-13 13:33:45	1	0	1	0
          8101	2024-05-13 13:34:27	1	0	1	0
          8092	2024-05-13 13:37:13	1	0	1	0
          8091	2024-05-13 13:39:56	1	0	1	0
          8090	2024-05-13 13:41:38	1	0	1	0
          8089	2024-05-13 13:43:09	1	0	1	0
          8104	2024-05-13 13:44:00	1	0	1	0
          8102	2024-05-13 13:44:50	1	0	1	0
          8097	2024-05-13 13:45:35	1	0	1	0
          8094	2024-05-13 13:46:59	1	0	1	0
          8108	2024-05-13 13:48:26	1	0	1	0
          8110	2024-05-13 13:53:49	1	0	1	0
          8109	2024-05-13 13:57:50	1	0	1	0
          8114	2024-05-13 13:58:19	1	0	1	0
          8118	2024-05-13 13:58:47	1	0	1	0
          8111	2024-05-13 14:00:56	1	0	1	0
          8119	2024-05-13 14:02:20	1	0	1	0
          8117	2024-05-13 14:02:56	1	0	1	0
          8116	2024-05-13 14:04:26	1	0	1	0
          8115	2024-05-13 14:05:34	1	0	1	0
          8112	2024-05-13 14:07:15	1	0	1	0
          8120	2024-05-13 14:14:04	1	0	1	0
          8067	2024-05-13 14:14:50	1	0	1	0
          8066	2024-05-13 14:16:01	1	0	1	0
          8122	2024-05-13 14:16:34	1	0	1	0
          8123	2024-05-13 14:18:16	1	0	1	0
          8124	2024-05-13 14:20:05	1	0	1	0
          8130	2024-05-13 14:20:48	1	0	1	0
          8126	2024-05-13 14:22:08	1	0	1	0
          8127	2024-05-13 14:22:49	1	0	1	0
          8128	2024-05-13 14:23:36	1	0	1	0
          8129	2024-05-13 14:26:01	1	0	1	0
          8113	2024-05-13 14:27:43	1	0	1	0
          8136	2024-05-13 14:28:35	1	0	1	0
          8135	2024-05-13 14:29:52	1	0	1	0
          8131	2024-05-13 14:30:22	1	0	1	0
          8132	2024-05-13 14:30:50	1	0	1	0
          8140	2024-05-13 14:32:26	1	0	1	0
          8133	2024-05-13 14:33:03	1	0	1	0
          8134	2024-05-13 14:33:33	1	0	1	0
          8137	2024-05-13 14:34:46	1	0	1	0
          8156	2024-05-13 14:35:58	1	0	1	0
          8155	2024-05-13 14:36:43	1	0	1	0
          8154	2024-05-13 14:37:08	1	0	1	0
          8138	2024-05-13 14:38:22	1	0	1	0
          8139	2024-05-13 14:38:59	1	0	1	0
          8153	2024-05-13 14:39:39	1	0	1	0
          8152	2024-05-13 14:40:09	1	0	1	0
          8151	2024-05-13 14:41:12	1	0	1	0
          8150	2024-05-13 14:41:59	1	0	1	0
          8141	2024-05-13 14:42:27	1	0	1	0
          8148	2024-05-13 14:42:56	1	0	1	0
          8149	2024-05-13 14:43:58	1	0	1	0
          8142	2024-05-13 14:45:40	1	0	1	0
          8147	2024-05-13 14:46:51	1	0	1	0
          8143	2024-05-13 14:47:27	1	0	1	0
          8157	2024-05-13 14:51:26	1	0	1	0
          8144	2024-05-13 14:54:15	1	0	1	0
          8145	2024-05-13 14:55:37	1	0	1	0
          8146	2024-05-13 14:57:49	1	0	1	0
          8158	2024-05-13 14:58:54	1	0	1	0
          8159	2024-05-13 15:00:39	1	0	1	0
          8160	2024-05-13 15:23:23	1	0	1	0
          8164	2024-05-13 15:23:56	1	0	1	0
          8163	2024-05-13 15:25:15	1	0	1	0
          8162	2024-05-13 15:33:08	1	0	1	0
          8167	2024-05-13 15:35:06	1	0	1	0
          8165	2024-05-13 15:37:57	1	0	1	0
          8166	2024-05-13 15:39:42	1	0	1	0
          8169	2024-05-13 15:41:14	1	0	1	0
          8168	2024-05-13 15:42:03	1	0	1	0
          8175	2024-05-13 15:43:04	1	0	1	0
          8170	2024-05-13 15:43:51	1	0	1	0
          8173	2024-05-13 15:44:34	1	0	1	0
          8172	2024-05-13 15:45:44	1	0	1	0
          8171	2024-05-13 15:46:31	1	0	1	0
          8176	2024-05-13 15:47:24	1	0	1	0
          8196	2024-05-13 15:48:38	1	0	1	0
          8180	2024-05-13 15:49:16	1	0	1	0
          8174	2024-05-13 15:50:37	1	0	1	0
          8181	2024-05-13 15:51:16	1	0	1	0
          8184	2024-05-13 15:59:12	1	0	1	0
          8186	2024-05-13 15:59:46	1	0	1	0
          8182	2024-05-13 16:01:06	1	0	1	0
          8188	2024-05-13 16:01:42	1	0	1	0
          8187	2024-05-13 16:04:00	1	0	1	0
          8183	2024-05-13 16:05:05	1	0	1	0
          8185	2024-05-13 16:05:40	1	0	1	0
          8198	2024-05-13 16:06:46	1	0	1	0
          8203	2024-05-13 16:07:22	1	0	1	0
          8200	2024-05-13 16:08:26	1	0	1	0
          8201	2024-05-13 16:09:43	1	0	1	0
          8197	2024-05-13 16:11:04	1	0	1	0
          8199	2024-05-13 16:11:36	1	0	1	0
          8202	2024-05-13 16:12:21	1	0	1	0
          8204	2024-05-13 16:13:26	1	0	1	0
          8205	2024-05-13 16:14:11	1	0	1	0
          8206	2024-05-13 16:14:37	1	0	1	0
          8207	2024-05-13 16:16:44	1	0	1	0
          8208	2024-05-13 16:18:24	1	0	1	0
          8209	2024-05-13 16:19:58	1	0	1	0
          8210	2024-05-13 16:21:11	1	0	1	0
          8217	2024-05-13 16:21:53	1	0	1	0
          8218	2024-05-13 16:22:44	1	0	1	0
          8219	2024-05-13 16:23:19	1	0	1	0
          8220	2024-05-13 16:23:53	1	0	1	0
          8224	2024-05-13 16:24:39	1	0	1	0
          8222	2024-05-13 16:25:58	1	0	1	0
          8223	2024-05-13 16:27:14	1	0	1	0
          8243	2024-05-13 16:29:15	1	0	1	0
          8216	2024-05-13 16:30:16	1	0	1	0
          8215	2024-05-13 16:31:03	1	0	1	0
          8226	2024-05-13 16:32:03	1	0	1	0
          8227	2024-05-13 16:32:51	1	0	1	0
          8228	2024-05-13 16:33:58	1	0	1	0
          8225	2024-05-13 16:34:39	1	0	1	0
          8212	2024-05-13 16:36:16	1	0	1	0
          8214	2024-05-13 16:37:35	1	0	1	0
          8229	2024-05-13 16:38:10	1	0	1	0
          8230	2024-05-13 16:40:06	1	0	1	0
          8231	2024-05-13 16:40:52	1	0	1	0
          8211	2024-05-13 16:41:39	1	0	1	0
          8232	2024-05-13 16:43:03	1	0	1	0
          8233	2024-05-13 16:43:59	1	0	1	0
          8234	2024-05-13 16:45:47	1	0	1	0
          8235	2024-05-13 16:46:57	1	0	1	0
          8236	2024-05-13 16:48:14	1	0	1	0
          8240	2024-05-13 16:49:29	1	0	1	0
          8237	2024-05-13 16:50:15	1	0	1	0
          8238	2024-05-13 16:51:32	1	0	1	0
          8239	2024-05-13 16:53:35	1	0	1	0
          8221	2024-05-13 16:55:19	1	0	1	0
          8241	2024-05-13 16:56:02	1	0	1	0
          8242	2024-05-13 16:56:44	1	0	1	0
          8244	2024-05-13 16:58:55	1	0	1	0
          8246	2024-05-13 16:59:41	1	0	1	0
          8245	2024-05-13 17:00:08	1	0	1	0
          8250	2024-05-13 17:02:19	1	0	1	0
          8248	2024-05-13 17:03:27	1	0	1	0
          8247	2024-05-13 17:04:28	1	0	1	0
          8249	2024-05-13 17:05:06	1	0	1	0
          8257	2024-05-13 17:06:27	1	0	1	0
          8253	2024-05-13 17:07:51	1	0	1	0
          8252	2024-05-13 17:08:42	1	0	1	0
          8251	2024-05-13 17:09:17	1	0	1	0
          8254	2024-05-13 17:10:05	1	0	1	0
          8255	2024-05-13 17:11:02	1	0	1	0
          8256	2024-05-13 17:12:46	1	0	1	0
          8260	2024-05-13 17:18:19	1	0	1	0
          8259	2024-05-13 17:19:18	1	0	1	0
          8258	2024-05-13 17:20:03	1	0	1	0
          8049	2024-05-14 08:27:46	1	0	1	0
          8198	2024-05-14 08:28:05	1	0	1	0
          8196	2024-05-14 08:34:17	1	0	1	0
          8248	2024-05-14 08:41:40	1	0	1	0
          8136	2024-05-14 08:55:05	1	0	1	0
          8065	2024-05-14 09:07:34	1	0	1	0
          8077	2024-05-14 09:07:50	1	0	1	0
          8168	2024-05-14 09:09:16	1	0	1	0
          8064	2024-05-14 09:09:22	1	0	1	0
          8055	2024-05-14 09:09:36	1	0	1	0
          8228	2024-05-14 09:10:29	1	0	1	0
          8237	2024-05-14 09:10:47	1	0	1	0
          8070	2024-05-14 09:11:10	1	0	1	0
          8061	2024-05-14 09:11:46	1	0	1	0
          8156	2024-05-14 09:11:59	1	0	1	0
          8241	2024-05-14 09:12:09	1	0	1	0
          8144	2024-05-14 09:12:45	1	0	1	0
          8002	2024-05-14 09:12:51	1	0	1	0
          8048	2024-05-14 09:13:23	1	0	1	0
          8052	2024-05-14 09:13:44	1	0	1	0
          8028	2024-05-14 09:14:56	1	0	1	0
          8014	2024-05-14 09:16:14	1	0	1	0
          8083	2024-05-14 09:17:43	1	0	1	0
          8025	2024-05-14 09:19:32	1	0	1	0
          8050	2024-05-14 09:28:25	1	0	1	0
          8206	2024-05-14 09:28:34	1	0	1	0
          8204	2024-05-14 09:29:43	1	0	1	0
          8038	2024-05-14 09:30:06	1	0	1	0
          8211	2024-05-14 09:30:27	1	0	1	0
          8122	2024-05-14 09:30:53	1	0	1	0
          8133	2024-05-14 09:31:03	1	0	1	0
          8175	2024-05-14 09:31:20	1	0	1	0
          8108	2024-05-14 09:31:29	1	0	1	0
          8229	2024-05-14 09:31:58	1	0	1	0
          8095	2024-05-14 09:32:05	1	0	1	0
          8145	2024-05-14 09:32:11	1	0	1	0
          8047	2024-05-14 09:32:39	1	0	1	0
          8087	2024-05-14 09:32:45	1	0	1	0
          8001	2024-05-14 09:32:58	1	0	1	0
          8035	2024-05-14 09:33:09	1	0	1	0
          8074	2024-05-14 09:33:30	1	0	1	0
          8221	2024-05-14 09:33:41	1	0	1	0
          8085	2024-05-14 09:35:00	1	0	1	0
          8155	2024-05-14 09:35:56	1	0	1	0
          8114	2024-05-14 09:36:04	1	0	1	0
          8056	2024-05-14 09:36:31	1	0	1	0
          8019	2024-05-14 09:36:46	1	0	1	0
          8023	2024-05-14 09:36:52	1	0	1	0
          8164	2024-05-14 09:37:16	1	0	1	0
          8032	2024-05-14 09:37:36	1	0	1	0
          8051	2024-05-14 09:40:13	1	0	1	0
          8069	2024-05-14 09:40:25	1	0	1	0
          8202	2024-05-14 09:40:37	1	0	1	0
          8118	2024-05-14 09:41:39	1	0	1	0
          8054	2024-05-14 09:42:43	1	0	1	0
          8045	2024-05-14 09:42:48	1	0	1	0
          8154	2024-05-14 09:43:56	1	0	1	0
          8247	2024-05-14 09:44:05	1	0	1	0
          8078	2024-05-14 09:44:12	1	0	1	0
          8109	2024-05-14 09:45:09	1	0	1	0
          8046	2024-05-14 09:45:15	1	0	1	0
          8227	2024-05-14 09:45:53	1	0	1	0
          8132	2024-05-14 09:46:03	1	0	1	0
          8004	2024-05-14 09:47:22	1	0	1	0
          8131	2024-05-14 09:47:33	1	0	1	0
          8011	2024-05-14 09:47:39	1	0	1	0
          8134	2024-05-14 09:48:48	1	0	1	0
          8031	2024-05-14 09:48:59	1	0	1	0
          8034	2024-05-14 09:49:08	1	0	1	0
          8030	2024-05-14 09:49:15	1	0	1	0
          8079	2024-05-14 09:49:37	1	0	1	0
          8141	2024-05-14 09:49:46	1	0	1	0
          8150	2024-05-14 09:49:53	1	0	1	0
          8148	2024-05-14 09:50:01	1	0	1	0
          8157	2024-05-14 09:50:21	1	0	1	0
          8257	2024-05-14 09:51:10	1	0	1	0
          8088	2024-05-14 09:53:36	1	0	1	0
          8101	2024-05-14 09:55:31	1	0	1	0
          8258	2024-05-14 09:55:46	1	0	1	0
          8022	2024-05-14 09:58:55	1	0	1	0
          8215	2024-05-14 09:59:54	1	0	1	0
          8242	2024-05-14 10:01:19	1	0	1	0
          8024	2024-05-14 10:02:10	1	0	1	0
          8171	2024-05-14 10:04:22	1	0	1	0
          8073	2024-05-14 10:05:03	1	0	1	0
          8153	2024-05-14 10:05:20	1	0	1	0
          8017	2024-05-14 10:05:31	1	0	1	0
          8160	2024-05-14 10:06:38	1	0	1	0
          8238	2024-05-14 10:09:37	1	0	1	0
          8222	2024-05-14 10:10:18	1	0	1	0
          8205	2024-05-14 10:15:14	1	0	1	0
          8090	2024-05-14 10:15:35	1	0	1	0
          8245	2024-05-14 10:15:59	1	0	1	0
          8099	2024-05-14 10:18:38	1	0	1	0
          8044	2024-05-14 10:19:34	1	0	1	0
          8203	2024-05-14 10:21:50	1	0	1	0
          8220	2024-05-14 10:22:02	1	0	1	0
          8104	2024-05-14 11:02:25	1	0	1	0
          8159	2024-05-14 11:05:18	1	0	1	0
          8200	2024-05-14 11:05:51	1	0	1	0
          8117	2024-05-14 11:06:09	1	0	1	0
          8100	2024-05-14 11:06:20	1	0	1	0
          8151	2024-05-14 11:09:05	1	0	1	0
          8112	2024-05-14 11:09:45	1	0	1	0
          8152	2024-05-14 11:09:50	1	0	1	0
          8084	2024-05-14 11:12:17	1	0	1	0
          8251	2024-05-14 11:14:03	1	0	1	0
          8016	2024-05-14 11:15:18	1	0	1	0
          8039	2024-05-14 11:15:45	1	0	1	0
          8249	2024-05-14 11:17:34	1	0	1	0
          8071	2024-05-14 11:17:48	1	0	1	0
          8120	2024-05-14 11:18:08	1	0	1	0
          8007	2024-05-14 11:18:31	1	0	1	0
          8076	2024-05-14 11:19:26	1	0	1	0
          8231	2024-05-14 11:20:27	1	0	1	0
          8217	2024-05-14 11:21:46	1	0	1	0
          8018	2024-05-14 11:24:06	1	0	1	0
          8166	2024-05-14 11:25:35	1	0	1	0
          8239	2024-05-14 11:26:53	1	0	1	0
          8093	2024-05-14 11:28:11	1	0	1	0
          8123	2024-05-14 11:28:31	1	0	1	0
          8185	2024-05-14 11:30:11	1	0	1	0
          8173	2024-05-14 11:33:31	1	0	1	0
          8138	2024-05-14 11:34:27	1	0	1	0
          8210	2024-05-14 11:35:26	1	0	1	0
          8218	2024-05-14 11:35:41	1	0	1	0
          8230	2024-05-14 11:39:16	1	0	1	0
          8066	2024-05-14 11:41:12	1	0	1	0
          8005	2024-05-14 11:43:01	1	0	1	0
          8071	2024-05-14 11:43:07	1	0	1	0
          8029	2024-05-14 11:50:54	1	0	1	0
          8165	2024-05-14 11:54:41	1	0	1	0
          8033	2024-05-14 12:00:04	1	0	1	0
          8096	2024-05-14 12:03:58	1	0	1	0
          8236	2024-05-14 12:08:53	1	0	1	0
          8234	2024-05-14 12:09:56	1	0	1	0
          8052	2024-05-15 08:21:41	1	0	1	0
          8077	2024-05-15 08:21:47	1	0	1	0
          8064	2024-05-15 08:23:51	1	0	1	0
          8065	2024-05-15 08:24:00	1	0	1	0
          8014	2024-05-15 08:24:10	1	0	1	0
          8168	2024-05-15 08:24:22	1	0	1	0
          8028	2024-05-15 08:24:50	1	0	1	0
          8144	2024-05-15 08:24:56	1	0	1	0
          8237	2024-05-15 08:25:03	1	0	1	0
          8055	2024-05-15 08:25:21	1	0	1	0
          8061	2024-05-15 08:25:30	1	0	1	0
          8002	2024-05-15 08:25:37	1	0	1	0
          8228	2024-05-15 08:25:44	1	0	1	0
          8070	2024-05-15 08:26:20	1	0	1	0
          8048	2024-05-15 08:26:27	1	0	1	0
          8241	2024-05-15 08:26:47	1	0	1	0
          8083	2024-05-15 08:27:22	1	0	1	0
          8050	2024-05-15 08:30:17	1	0	1	0
          8211	2024-05-15 08:30:27	1	0	1	0
          8145	2024-05-15 08:30:35	1	0	1	0
          8023	2024-05-15 08:30:55	1	0	1	0
          8258	2024-05-15 08:31:04	1	0	1	0
          8206	2024-05-15 08:31:22	1	0	1	0
          8164	2024-05-15 08:31:36	1	0	1	0
          8229	2024-05-15 08:32:07	1	0	1	0
          8221	2024-05-15 08:32:34	1	0	1	0
          8038	2024-05-15 08:32:45	1	0	1	0
          8032	2024-05-15 08:32:52	1	0	1	0
          8133	2024-05-15 08:33:10	1	0	1	0
          8001	2024-05-15 08:33:39	1	0	1	0
          8114	2024-05-15 08:33:59	1	0	1	0
          8087	2024-05-15 08:34:09	1	0	1	0
          8056	2024-05-15 08:34:20	1	0	1	0
          8095	2024-05-15 08:34:29	1	0	1	0
          8074	2024-05-15 08:35:15	1	0	1	0
          8175	2024-05-15 08:35:27	1	0	1	0
          8155	2024-05-15 08:35:43	1	0	1	0
          8232	2024-05-15 08:36:29	1	0	1	0
          8233	2024-05-15 08:36:55	1	0	1	0
          8247	2024-05-15 08:43:11	1	0	1	0
          8051	2024-05-15 08:43:41	1	0	1	0
          8030	2024-05-15 08:43:59	1	0	1	0
          8034	2024-05-15 08:44:25	1	0	1	0
          8085	2024-05-15 08:46:06	1	0	1	0
          8047	2024-05-15 08:46:35	1	0	1	0
          8101	2024-05-15 08:46:45	1	0	1	0
          8031	2024-05-15 08:49:53	1	0	1	0
          8069	2024-05-15 08:50:14	1	0	1	0
          8123	2024-05-15 08:50:27	1	0	1	0
          8148	2024-05-15 08:50:59	1	0	1	0
          8150	2024-05-15 08:51:21	1	0	1	0
          8132	2024-05-15 08:51:33	1	0	1	0
          8046	2024-05-15 08:51:44	1	0	1	0
          8054	2024-05-15 08:53:51	1	0	1	0
          8011	2024-05-15 08:54:30	1	0	1	0
          8188	2024-05-15 08:55:08	1	0	1	0
          8079	2024-05-15 08:55:29	1	0	1	0
          8045	2024-05-15 08:55:39	1	0	1	0
          8078	2024-05-15 08:55:54	1	0	1	0
          8004	2024-05-15 08:56:19	1	0	1	0
          8141	2024-05-15 08:56:27	1	0	1	0
          8134	2024-05-15 08:56:47	1	0	1	0
          8131	2024-05-15 08:56:54	1	0	1	0
          8157	2024-05-15 09:01:24	1	0	1	0
          8118	2024-05-15 09:01:43	1	0	1	0
          8036	2024-05-15 09:06:07	1	0	1	0
          8088	2024-05-15 09:08:25	1	0	1	0
          8227	2024-05-15 09:09:02	1	0	1	0
          8201	2024-05-15 09:13:56	1	0	1	0
          8222	2024-05-15 09:14:57	1	0	1	0
          8128	2024-05-15 09:15:36	1	0	1	0
          8099	2024-05-15 09:18:04	1	0	1	0
          8205	2024-05-15 09:18:57	1	0	1	0
          8104	2024-05-15 09:22:35	1	0	1	0
          8017	2024-05-15 09:22:57	1	0	1	0
          8058	2024-05-15 09:23:30	1	0	1	0
          8073	2024-05-15 09:24:38	1	0	1	0
          8086	2024-05-15 09:25:27	1	0	1	0
          8090	2024-05-15 09:26:03	1	0	1	0
          8027	2024-05-15 09:26:37	1	0	1	0
          8255	2024-05-15 09:27:47	1	0	1	0
          8171	2024-05-15 09:28:35	1	0	1	0
          8097	2024-05-15 09:32:14	1	0	1	0
          8245	2024-05-15 09:33:16	1	0	1	0
          8160	2024-05-15 09:34:00	1	0	1	0
          8024	2024-05-15 09:34:27	1	0	1	0
          8082	2024-05-15 09:34:40	1	0	1	0
          8215	2024-05-15 09:35:25	1	0	1	0
          8199	2024-05-15 09:36:30	1	0	1	0
          8203	2024-05-15 09:37:18	1	0	1	0
          8057	2024-05-15 09:39:44	1	0	1	0
          8220	2024-05-15 09:41:34	1	0	1	0
          8022	2024-05-15 09:41:57	1	0	1	0
          8026	2024-05-15 09:42:17	1	0	1	0
          8238	2024-05-15 09:42:51	1	0	1	0
          8242	2024-05-15 09:43:12	1	0	1	0
          8153	2024-05-15 09:43:21	1	0	1	0
          8146	2024-05-15 09:44:01	1	0	1	0
          8019	2024-05-15 09:44:32	1	0	1	0
          8251	2024-05-15 09:50:16	1	0	1	0
          8076	2024-05-15 09:52:22	1	0	1	0
          8249	2024-05-15 09:53:05	1	0	1	0
          8208	2024-05-15 09:57:59	1	1	1	0
          8084	2024-05-15 09:58:41	1	1	1	0
          8093	2024-05-15 10:00:48	1	1	1	0
          8217	2024-05-15 10:01:11	1	1	1	0
          8005	2024-05-15 10:02:25	1	1	1	0
          8007	2024-05-15 10:03:12	1	1	1	0
          8197	2024-05-15 10:03:38	1	1	1	0
          8066	2024-05-15 10:04:01	1	1	1	0
          8016	2024-05-15 10:04:24	1	1	1	0
          8039	2024-05-15 10:06:57	1	1	1	0
          8231	2024-05-15 10:07:19	1	1	1	0
          8230	2024-05-15 10:11:07	1	1	1	0
          8187	2024-05-15 10:17:17	1	1	1	0
          8120	2024-05-15 10:20:45	1	1	1	0
          8071	2024-05-15 10:21:09	1	1	1	0
          8089	2024-05-15 10:25:21	1	1	1	0
          8018	2024-05-15 10:26:32	1	1	1	0
          8115	2024-05-15 10:28:02	1	1	1	0
          8210	2024-05-15 10:35:14	1	1	1	0
          8138	2024-05-15 10:36:19	1	1	1	0
          8096	2024-05-15 10:38:39	1	1	1	0
          8185	2024-05-15 10:39:47	1	1	1	0
          8170	2024-05-15 10:40:00	1	1	1	0
          8254	2024-05-15 10:40:30	1	1	1	0
          8239	2024-05-15 10:43:20	1	1	1	0
          8063	2024-05-15 10:49:20	1	1	1	0
          8214	2024-05-15 10:49:52	1	1	1	0
          8015	2024-05-15 10:51:51	1	1	1	0
          8216	2024-05-15 10:55:33	1	1	1	0
          8006	2024-05-15 11:05:28	1	1	1	0
          8137	2024-05-15 11:08:47	1	1	1	0
          8020	2024-05-15 11:13:25	1	1	1	0
          8135	2024-05-15 11:17:12	1	1	1	0
          8053	2024-05-15 11:22:16	1	1	1	0
          8244	2024-05-15 11:27:42	1	1	1	0
          8143	2024-05-15 11:29:37	1	1	1	0
          8119	2024-05-15 11:30:52	1	1	1	0
          8174	2024-05-15 11:36:03	1	1	1	0
          8250	2024-05-15 11:42:02	1	1	1	0
          8248	2024-05-15 11:44:40	1	1	1	0
          8103	2024-05-15 11:45:57	1	1	1	0
          8136	2024-05-15 11:49:53	1	1	1	0
          8196	2024-05-15 11:54:15	1	1	1	0
          8181	2024-05-15 11:56:14	1	1	1	0
          8014	2024-05-16 08:23:48	1	0	1	0
          8052	2024-05-16 08:25:21	1	0	1	0
          8064	2024-05-16 08:25:43	1	0	1	0
          8077	2024-05-16 08:25:58	1	0	1	0
          8237	2024-05-16 08:26:05	1	0	1	0
          8070	2024-05-16 08:26:25	1	0	1	0
          8065	2024-05-16 08:27:39	1	0	1	0
          8055	2024-05-16 08:27:47	1	0	1	0
          8083	2024-05-16 08:28:00	1	0	1	0
          8228	2024-05-16 08:28:52	1	0	1	0
          8002	2024-05-16 08:29:03	1	0	1	0
          8025	2024-05-16 08:29:23	1	0	1	0
          8048	2024-05-16 08:29:40	1	0	1	0
          8144	2024-05-16 08:29:49	1	0	1	0
          8207	2024-05-16 08:29:58	1	0	1	0
          8241	2024-05-16 08:30:29	1	0	1	0
          8028	2024-05-16 08:31:10	1	0	1	0
          8164	2024-05-16 08:31:59	1	0	1	0
          8095	2024-05-16 08:32:10	1	0	1	0
          8145	2024-05-16 08:32:22	1	0	1	0
          8019	2024-05-16 08:32:27	1	0	1	0
          8206	2024-05-16 08:32:41	1	0	1	0
          8133	2024-05-16 08:32:48	1	0	1	0
          8101	2024-05-16 08:33:21	1	0	1	0
          8221	2024-05-16 08:33:28	1	0	1	0
          8204	2024-05-16 08:33:44	1	0	1	0
          8122	2024-05-16 08:34:00	1	0	1	0
          8032	2024-05-16 08:34:23	1	0	1	0
          8038	2024-05-16 08:34:31	1	0	1	0
          8056	2024-05-16 08:34:50	1	0	1	0
          8108	2024-05-16 08:34:59	1	0	1	0
          8047	2024-05-16 08:35:45	1	0	1	0
          8074	2024-05-16 08:36:03	1	0	1	0
          8035	2024-05-16 08:36:14	1	0	1	0
          8114	2024-05-16 08:36:38	1	0	1	0
          8087	2024-05-16 08:36:51	1	0	1	0
          8155	2024-05-16 08:37:13	1	0	1	0
          8211	2024-05-16 08:37:23	1	0	1	0
          8257	2024-05-16 08:39:30	1	0	1	0
          8123	2024-05-16 08:39:58	1	0	1	0
          8046	2024-05-16 08:40:21	1	0	1	0
          8132	2024-05-16 08:40:37	1	0	1	0
          8004	2024-05-16 08:41:51	1	0	1	0
          8034	2024-05-16 08:42:11	1	0	1	0
          8150	2024-05-16 08:42:41	1	0	1	0
          8227	2024-05-16 08:43:05	1	0	1	0
          8131	2024-05-16 08:43:13	1	0	1	0
          8148	2024-05-16 08:43:23	1	0	1	0
          8157	2024-05-16 08:43:44	1	0	1	0
          8011	2024-05-16 08:44:07	1	0	1	0
          8001	2024-05-16 08:45:37	1	0	1	0
          8030	2024-05-16 08:56:05	1	0	1	0
          8031	2024-05-16 08:56:19	1	0	1	0
          8134	2024-05-16 08:56:37	1	0	1	0
          8141	2024-05-16 08:56:50	1	0	1	0
          8168	2024-05-16 08:57:39	1	0	1	0
          8045	2024-05-16 09:00:39	1	0	1	0
          8078	2024-05-16 09:00:53	1	0	1	0
          8036	2024-05-16 09:01:13	1	0	1	0
          8202	2024-05-16 09:01:26	1	0	1	0
          8158	2024-05-16 09:01:43	1	0	1	0
          8247	2024-05-16 09:01:49	1	0	1	0
          8051	2024-05-16 09:03:05	1	0	1	0
          8109	2024-05-16 09:03:21	1	0	1	0
          8054	2024-05-16 09:03:31	1	0	1	0
          8088	2024-05-16 09:05:41	1	0	1	0
          8073	2024-05-16 09:06:37	1	0	1	0
          8086	2024-05-16 09:07:03	1	0	1	0
          8026	2024-05-16 09:07:26	1	0	1	0
          8153	2024-05-16 09:07:45	1	0	1	0
          8027	2024-05-16 09:08:05	1	0	1	0
          8058	2024-05-16 09:08:42	1	0	1	0
          8171	2024-05-16 09:09:04	1	0	1	0
          8090	2024-05-16 09:09:54	1	0	1	0
          8245	2024-05-16 09:11:51	1	0	1	0
          8215	2024-05-16 09:12:43	1	0	1	0
          8128	2024-05-16 09:13:07	1	0	1	0
          8042	2024-05-16 09:14:07	1	0	1	0
          8205	2024-05-16 09:17:51	1	0	1	0
          8017	2024-05-16 09:18:31	1	0	1	0
          8242	2024-05-16 09:18:47	1	0	1	0
          8142	2024-05-16 09:19:41	1	0	1	0
          8220	2024-05-16 09:21:31	1	0	1	0
          8160	2024-05-16 09:21:54	1	0	1	0
          8203	2024-05-16 09:22:34	1	0	1	0
          8104	2024-05-16 09:22:54	1	0	1	0
          8238	2024-05-16 09:23:01	1	0	1	0
          8024	2024-05-16 09:23:06	1	0	1	0
          8222	2024-05-16 09:23:36	1	0	1	0
          8022	2024-05-16 09:23:43	1	0	1	0
          8099	2024-05-16 09:25:52	1	0	1	0
          8014	2024-05-16 09:30:34	1	0	1	0
          8208	2024-05-16 09:35:03	1	0	1	0
          8093	2024-05-16 09:36:27	1	0	1	0
          8084	2024-05-16 09:36:53	1	0	1	0
          8217	2024-05-16 09:37:01	1	0	1	0
          8039	2024-05-16 09:37:11	1	0	1	0
          8100	2024-05-16 09:37:20	1	0	1	0
          8005	2024-05-16 09:37:31	1	0	1	0
          8007	2024-05-16 09:37:44	1	0	1	0
          8016	2024-05-16 09:37:49	1	0	1	0
          8120	2024-05-16 09:37:55	1	0	1	0
          8071	2024-05-16 09:38:05	1	0	1	0
          8231	2024-05-16 09:38:16	1	0	1	0
          8187	2024-05-16 09:38:29	1	0	1	0
          8066	2024-05-16 09:38:46	1	0	1	0
          8018	2024-05-16 09:39:16	1	0	1	0
          8210	2024-05-16 09:39:24	1	0	1	0
          8138	2024-05-16 09:39:34	1	0	1	0
          8185	2024-05-16 09:40:19	1	0	1	0
          8239	2024-05-16 09:40:45	1	0	1	0
          8015	2024-05-16 09:42:32	1	0	1	0
          8188	2024-05-16 09:42:54	1	0	1	0
          8069	2024-05-16 09:43:04	1	0	1	0
          8166	2024-05-16 09:45:47	1	0	1	0
          8218	2024-05-16 09:47:33	1	0	1	0
          8006	2024-05-16 09:51:31	1	0	1	0
          8137	2024-05-16 09:51:48	1	0	1	0
          8163	2024-05-16 09:54:52	1	0	1	0
          8029	2024-05-16 09:55:57	1	0	1	0
          8033	2024-05-16 09:58:54	1	0	1	0
          8040	2024-05-16 10:00:26	1	0	1	0
          8040	2024-05-16 10:03:35	1	0	1	0
          8043	2024-05-16 10:06:32	1	0	1	0
          8111	2024-05-16 10:08:41	1	0	1	0
          8244	2024-05-16 10:09:50	1	0	1	0
          8183	2024-05-16 10:11:41	1	0	1	0
          8172	2024-05-16 10:13:07	1	0	1	0
          8021	2024-05-16 10:15:38	1	0	1	0
          8196	2024-05-16 11:11:35	1	0	1	0
          8010	2024-05-16 11:12:31	1	0	1	0
          8012	2024-05-16 11:31:45	1	0	1	0
          8037	2024-05-16 11:32:20	1	0	1	0
          8198	2024-05-16 11:34:28	1	0	1	0
          8224	2024-05-16 11:38:03	1	0	1	0
          8060	2024-05-16 11:38:32	1	0	1	0
          8067	2024-05-16 11:44:33	1	0	1	0
          8174	2024-05-16 11:45:05	1	0	1	0
          8003	2024-05-16 11:48:34	1	0	1	0
          8049	2024-05-16 11:49:07	1	0	1	0
          8075	2024-05-16 11:50:58	1	0	1	0
          8070	2024-05-17 08:15:07	1	0	1	0
          8083	2024-05-17 08:15:14	1	0	1	0
          8122	2024-05-17 08:15:20	1	0	1	0
          8064	2024-05-17 08:15:27	1	0	1	0
          8077	2024-05-17 08:15:31	1	0	1	0
          8052	2024-05-17 08:15:45	1	0	1	0
          8168	2024-05-17 08:17:13	1	0	1	0
          8028	2024-05-17 08:17:26	1	0	1	0
          8241	2024-05-17 08:17:31	1	0	1	0
          8014	2024-05-17 08:17:42	1	0	1	0
          8065	2024-05-17 08:17:46	1	0	1	0
          8204	2024-05-17 08:18:41	1	0	1	0
          8032	2024-05-17 08:18:51	1	0	1	0
          8206	2024-05-17 08:20:48	1	0	1	0
          8228	2024-05-17 08:20:54	1	0	1	0
          8164	2024-05-17 08:21:03	1	0	1	0
          8038	2024-05-17 08:21:14	1	0	1	0
          8019	2024-05-17 08:21:19	1	0	1	0
          8221	2024-05-17 08:21:29	1	0	1	0
          8175	2024-05-17 08:21:35	1	0	1	0
          8023	2024-05-17 08:21:40	1	0	1	0
          8056	2024-05-17 08:21:53	1	0	1	0
          8085	2024-05-17 08:22:02	1	0	1	0
          8035	2024-05-17 08:22:06	1	0	1	0
          8087	2024-05-17 08:22:12	1	0	1	0
          8074	2024-05-17 08:22:51	1	0	1	0
          8229	2024-05-17 08:22:57	1	0	1	0
          8101	2024-05-17 08:23:04	1	0	1	0
          8047	2024-05-17 08:23:23	1	0	1	0
          8108	2024-05-17 08:23:30	1	0	1	0
          8211	2024-05-17 08:23:37	1	0	1	0
          8050	2024-05-17 08:23:43	1	0	1	0
          8257	2024-05-17 08:24:10	1	0	1	0
          8078	2024-05-17 08:24:15	1	0	1	0
          8079	2024-05-17 08:24:19	1	0	1	0
          8132	2024-05-17 08:24:23	1	0	1	0
          8123	2024-05-17 08:24:29	1	0	1	0
          8088	2024-05-17 08:24:37	1	0	1	0
          8045	2024-05-17 08:24:42	1	0	1	0
          8051	2024-05-17 08:24:50	1	0	1	0
          8031	2024-05-17 08:24:56	1	0	1	0
          8036	2024-05-17 08:25:08	1	0	1	0
          8008	2024-05-17 08:25:58	1	0	1	0
          8134	2024-05-17 08:26:09	1	0	1	0
          8131	2024-05-17 08:26:15	1	0	1	0
          8004	2024-05-17 08:26:21	1	0	1	0
          8109	2024-05-17 08:26:26	1	0	1	0
          8157	2024-05-17 08:26:47	1	0	1	0
          8158	2024-05-17 08:26:53	1	0	1	0
          8247	2024-05-17 08:26:59	1	0	1	0
          8030	2024-05-17 08:27:04	1	0	1	0
          8104	2024-05-17 08:27:57	1	0	1	0
          8222	2024-05-17 08:28:17	1	0	1	0
          8238	2024-05-17 08:28:43	1	0	1	0
          8203	2024-05-17 08:28:48	1	0	1	0
          8022	2024-05-17 08:28:59	1	0	1	0
          8215	2024-05-17 08:29:21	1	0	1	0
          8099	2024-05-17 08:31:27	1	0	1	0
          8026	2024-05-17 08:31:38	1	0	1	0
          8042	2024-05-17 08:32:06	1	0	1	0
          8097	2024-05-17 08:32:15	1	0	1	0
          8160	2024-05-17 08:32:23	1	0	1	0
          8073	2024-05-17 08:35:04	1	0	1	0
          8199	2024-05-17 08:35:14	1	0	1	0
          8027	2024-05-17 08:35:19	1	0	1	0
          8245	2024-05-17 08:36:00	1	0	1	0
          8082	2024-05-17 08:36:14	1	0	1	0
          8044	2024-05-17 08:36:40	1	0	1	0
          8146	2024-05-17 08:36:51	1	0	1	0
          8251	2024-05-17 08:38:39	1	0	1	0
          8076	2024-05-17 08:38:52	1	0	1	0
          8249	2024-05-17 08:39:09	1	0	1	0
          8208	2024-05-17 08:40:27	1	0	1	0
          8016	2024-05-17 08:42:59	1	0	1	0
          8018	2024-05-17 08:43:33	1	0	1	0
          8039	2024-05-17 08:44:13	1	0	1	0
          8239	2024-05-17 08:44:42	1	0	1	0
          8129	2024-05-17 08:45:12	1	0	1	0
          8007	2024-05-17 08:45:23	1	0	1	0
          8230	2024-05-17 08:45:56	1	0	1	0
          8066	2024-05-17 08:46:17	1	0	1	0
          8214	2024-05-17 08:46:56	1	0	1	0
          8231	2024-05-17 08:47:07	1	0	1	0
          8063	2024-05-17 08:49:06	1	0	1	0
          8100	2024-05-17 08:49:42	1	0	1	0
          8138	2024-05-17 08:49:54	1	0	1	0
          8015	2024-05-17 08:50:40	1	0	1	0
          8120	2024-05-17 08:56:38	1	0	1	0
          8071	2024-05-17 08:56:47	1	0	1	0
          8217	2024-05-17 08:56:55	1	0	1	0
          8089	2024-05-17 08:57:23	1	0	1	0
          8105	2024-05-17 08:59:52	1	0	1	0
          8187	2024-05-17 09:00:32	1	0	1	0
          8005	2024-05-17 09:01:07	1	0	1	0
          8218	2024-05-17 09:01:16	1	0	1	0
          8210	2024-05-17 09:01:25	1	0	1	0
          8185	2024-05-17 09:02:17	1	0	1	0
          8166	2024-05-17 09:02:28	1	0	1	0
          8216	2024-05-17 09:04:29	1	0	1	0
          8006	2024-05-17 09:04:40	1	0	1	0
          8137	2024-05-17 09:05:03	1	0	1	0
          8135	2024-05-17 09:05:29	1	0	1	0
          8053	2024-05-17 09:06:12	1	0	1	0
          8244	2024-05-17 09:06:35	1	0	1	0
          8043	2024-05-17 09:08:30	1	0	1	0
          8111	2024-05-17 09:09:23	1	0	1	0
          8183	2024-05-17 09:10:38	1	0	1	0
          8059	2024-05-17 09:14:46	1	0	1	0
          8127	2024-05-17 09:17:55	1	0	1	0
          8144	2024-05-17 09:18:06	1	0	1	0
          8002	2024-05-17 09:18:13	1	0	1	0
          8133	2024-05-17 09:18:17	1	0	1	0
          8048	2024-05-17 09:18:26	1	0	1	0
          8061	2024-05-17 09:20:24	1	0	1	0
          8096	2024-05-17 09:21:47	1	0	1	0
          8102	2024-05-17 09:23:27	1	0	1	0
          8212	2024-05-17 09:24:32	1	0	1	0
          8143	2024-05-17 09:25:25	1	0	1	0
          8174	2024-05-17 09:26:03	1	0	1	0
          8136	2024-05-17 09:26:45	1	0	1	0
          8196	2024-05-17 09:27:08	1	0	1	0
          8181	2024-05-17 09:27:37	1	0	1	0
          8010	2024-05-17 09:28:24	1	0	1	0
          8037	2024-05-17 09:28:52	1	0	1	0
          8198	2024-05-17 09:29:16	1	0	1	0
          8060	2024-05-17 09:30:46	1	0	1	0
          8003	2024-05-17 09:31:03	1	0	1	0
          8049	2024-05-17 09:31:29	1	0	1	0
          8103	2024-05-17 09:31:42	1	0	1	0
          8058	2024-05-17 09:33:05	1	0	1	0
          8142	2024-05-17 09:33:39	1	0	1	0
          8128	2024-05-17 09:33:55	1	0	1	0
          8201	2024-05-17 09:34:08	1	0	1	0
          8205	2024-05-17 09:34:29	1	0	1	0
          8086	2024-05-17 09:34:54	1	0	1	0
          8017	2024-05-17 09:35:09	1	0	1	0
          8242	2024-05-17 09:35:22	1	0	1	0
          8094	2024-05-17 09:36:34	1	0	1	0
          8075	2024-05-17 09:46:10	1	0	1	0
          8156	2024-05-20 07:52:11	1	0	1	0
          8083	2024-05-20 07:52:18	1	0	1	0
          8061	2024-05-20 07:52:26	1	0	1	0
          8025	2024-05-20 07:52:35	1	0	1	0
          8144	2024-05-20 07:52:39	1	0	1	0
          8002	2024-05-20 07:52:49	1	0	1	0
          8228	2024-05-20 07:52:56	1	0	1	0
          8237	2024-05-20 07:53:10	1	0	1	0
          8070	2024-05-20 07:53:18	1	0	1	0
          8064	2024-05-20 07:53:25	1	0	1	0
          8048	2024-05-20 07:53:44	1	0	1	0
          8052	2024-05-20 07:53:53	1	0	1	0
          8241	2024-05-20 07:53:59	1	0	1	0
          8014	2024-05-20 07:55:45	1	0	1	0
          8168	2024-05-20 07:55:49	1	0	1	0
          8028	2024-05-20 07:55:55	1	0	1	0
          8077	2024-05-20 07:56:00	1	0	1	0
          8065	2024-05-20 07:56:13	1	0	1	0
          8087	2024-05-20 07:56:56	1	0	1	0
          8221	2024-05-20 07:57:14	1	0	1	0
          8133	2024-05-20 07:57:20	1	0	1	0
          8114	2024-05-20 07:57:30	1	0	1	0
          8085	2024-05-20 07:57:46	1	0	1	0
          8038	2024-05-20 07:57:55	1	0	1	0
          8032	2024-05-20 07:57:59	1	0	1	0
          8175	2024-05-20 07:58:06	1	0	1	0
          8101	2024-05-20 07:58:22	1	0	1	0
          8164	2024-05-20 07:58:27	1	0	1	0
          8047	2024-05-20 07:58:36	1	0	1	0
          8023	2024-05-20 07:58:49	1	0	1	0
          8095	2024-05-20 07:58:54	1	0	1	0
          8056	2024-05-20 07:59:02	1	0	1	0
          8145	2024-05-20 07:59:06	1	0	1	0
          8229	2024-05-20 07:59:13	1	0	1	0
          8001	2024-05-20 07:59:29	1	0	1	0
          8232	2024-05-20 08:00:51	1	0	1	0
          8233	2024-05-20 08:01:26	1	0	1	0
          8211	2024-05-20 08:01:39	1	0	1	0
          8019	2024-05-20 08:01:49	1	0	1	0
          8155	2024-05-20 08:02:02	1	0	1	0
          8122	2024-05-20 08:02:29	1	0	1	0
          8258	2024-05-20 08:02:36	1	0	1	0
          8035	2024-05-20 08:03:40	1	0	1	0
          8108	2024-05-20 08:03:49	1	0	1	0
          8206	2024-05-20 08:03:57	1	0	1	0
          8074	2024-05-20 08:04:47	1	0	1	0
          8055	2024-05-20 08:04:58	1	0	1	0
          8050	2024-05-20 08:05:08	1	0	1	0
          8204	2024-05-20 08:05:14	1	0	1	0
          8079	2024-05-20 08:05:35	1	0	1	0
          8078	2024-05-20 08:05:45	1	0	1	0
          8154	2024-05-20 08:05:53	1	0	1	0
          8202	2024-05-20 08:05:58	1	0	1	0
          8004	2024-05-20 08:06:25	1	0	1	0
          8109	2024-05-20 08:06:31	1	0	1	0
          8036	2024-05-20 08:06:37	1	0	1	0
          8158	2024-05-20 08:06:42	1	0	1	0
          8054	2024-05-20 08:06:49	1	0	1	0
          8131	2024-05-20 08:06:55	1	0	1	0
          8132	2024-05-20 08:08:45	1	0	1	0
          8141	2024-05-20 08:08:54	1	0	1	0
          8257	2024-05-20 08:09:51	1	0	1	0
          8099	2024-05-20 08:11:13	1	0	1	0
          8026	2024-05-20 08:11:19	1	0	1	0
          8222	2024-05-20 08:11:30	1	0	1	0
          8160	2024-05-20 08:12:43	1	0	1	0
          8073	2024-05-20 08:12:49	1	0	1	0
          8090	2024-05-20 08:13:06	1	0	1	0
          8245	2024-05-20 08:13:14	1	0	1	0
          8082	2024-05-20 08:13:19	1	0	1	0
          8017	2024-05-20 08:13:33	1	0	1	0
          8024	2024-05-20 08:14:01	1	0	1	0
          8238	2024-05-20 08:14:11	1	0	1	0
          8203	2024-05-20 08:14:15	1	0	1	0
          8022	2024-05-20 08:14:23	1	0	1	0
          8044	2024-05-20 08:14:47	1	0	1	0
          8042	2024-05-20 08:15:13	1	0	1	0
          8242	2024-05-20 08:15:21	1	0	1	0
          8153	2024-05-20 08:15:29	1	0	1	0
          8128	2024-05-20 08:15:37	1	0	1	0
          8058	2024-05-20 08:16:21	1	0	1	0
          8199	2024-05-20 08:16:33	1	0	1	0
          8104	2024-05-20 08:16:45	1	0	1	0
          8205	2024-05-20 08:17:28	1	0	1	0
          8215	2024-05-20 08:18:23	1	0	1	0
          8201	2024-05-20 08:18:37	1	0	1	0
          8027	2024-05-20 08:19:25	1	0	1	0
          8086	2024-05-20 08:19:54	1	0	1	0
          8159	2024-05-20 08:20:00	1	0	1	0
          8142	2024-05-20 08:20:16	1	0	1	0
          8171	2024-05-20 08:21:22	1	0	1	0
          8057	2024-05-20 08:23:25	1	0	1	0
          8063	2024-05-20 08:26:36	1	0	1	0
          8249	2024-05-20 08:26:53	1	0	1	0
          8217	2024-05-20 08:27:01	1	0	1	0
          8105	2024-05-20 08:27:14	1	0	1	0
          8051	2024-05-20 08:27:25	1	0	1	0
          8231	2024-05-20 08:27:35	1	0	1	0
          8093	2024-05-20 08:28:49	1	0	1	0
          8230	2024-05-20 08:29:51	1	0	1	0
          8066	2024-05-20 08:30:02	1	0	1	0
          8076	2024-05-20 08:30:11	1	0	1	0
          8007	2024-05-20 08:30:23	1	0	1	0
          8117	2024-05-20 08:31:49	1	0	1	0
          8138	2024-05-20 08:39:25	1	0	1	0
          8120	2024-05-20 08:39:59	1	0	1	0
          8214	2024-05-20 08:42:32	1	0	1	0
          8170	2024-05-20 08:42:49	1	0	1	0
          8173	2024-05-20 08:42:57	1	0	1	0
          8251	2024-05-20 08:43:26	1	0	1	0
          8089	2024-05-20 08:43:43	1	0	1	0
          8015	2024-05-20 08:43:59	1	0	1	0
          8239	2024-05-20 08:44:16	1	0	1	0
          8016	2024-05-20 08:44:39	1	0	1	0
          8185	2024-05-20 08:45:41	1	0	1	0
          8187	2024-05-20 08:46:13	1	0	1	0
          8208	2024-05-20 08:46:58	1	0	1	0
          8005	2024-05-20 08:47:12	1	0	1	0
          8218	2024-05-20 08:47:36	1	0	1	0
          8157	2024-05-20 08:50:52	1	0	1	0
          8018	2024-05-20 08:52:23	1	0	1	0
          8210	2024-05-20 08:52:51	1	0	1	0
          8039	2024-05-20 08:53:10	1	0	1	0
          8166	2024-05-20 08:53:56	1	0	1	0
          8084	2024-05-20 08:54:15	1	0	1	0
          8147	2024-05-20 08:54:39	1	0	1	0
          8071	2024-05-20 08:57:06	1	0	1	0
          8216	2024-05-20 08:59:44	1	0	1	0
          8006	2024-05-20 09:00:14	1	0	1	0
          8137	2024-05-20 09:00:38	1	0	1	0
          8053	2024-05-20 09:01:39	1	0	1	0
          8244	2024-05-20 09:02:14	1	0	1	0
          8069	2024-05-20 09:02:22	1	0	1	0
          8247	2024-05-20 09:02:26	1	0	1	0
          8045	2024-05-20 09:02:35	1	0	1	0
          8163	2024-05-20 09:03:19	1	0	1	0
          8029	2024-05-20 09:04:09	1	0	1	0
          8212	2024-05-20 09:08:15	1	0	1	0
          8040	2024-05-20 09:09:05	1	0	1	0
          8043	2024-05-20 09:10:16	1	0	1	0
          8111	2024-05-20 09:10:50	1	0	1	0
          8183	2024-05-20 09:11:18	1	0	1	0
          8172	2024-05-20 09:11:51	1	0	1	0
          8021	2024-05-20 09:12:37	1	0	1	0
          8096	2024-05-20 09:15:46	1	0	1	0
          8102	2024-05-20 09:16:06	1	0	1	0
          8165	2024-05-20 09:20:42	1	0	1	0
          8081	2024-05-20 09:22:00	1	0	1	0
          8256	2024-05-20 09:28:46	1	0	1	0
          8236	2024-05-20 09:30:08	1	0	1	0
          8181	2024-05-20 09:31:59	1	0	1	0
          8180	2024-05-20 09:33:17	1	0	1	0
          8148	2024-05-20 09:38:17	1	0	1	0
          8174	2024-05-20 09:38:52	1	0	1	0
          8143	2024-05-20 09:39:52	1	0	1	0
          8119	2024-05-20 09:40:14	1	0	1	0
          8250	2024-05-20 09:42:45	1	0	1	0
          8248	2024-05-20 09:44:00	1	0	1	0
          8196	2024-05-20 09:44:48	1	0	1	0
          8010	2024-05-20 09:45:21	1	0	1	0
          8012	2024-05-20 09:45:47	1	0	1	0
          8037	2024-05-20 09:46:25	1	0	1	0
          8198	2024-05-20 09:46:58	1	0	1	0
          8224	2024-05-20 09:47:22	1	0	1	0
          8060	2024-05-20 09:49:25	1	0	1	0
          8003	2024-05-20 09:50:57	1	0	1	0
          8049	2024-05-20 09:52:13	1	0	1	0
          8103	2024-05-20 09:52:46	1	0	1	0
          8094	2024-05-20 09:53:54	1	0	1	0
          8075	2024-05-20 09:55:21	1	0	1	0
          8124	2024-05-20 10:03:05	1	0	1	0
          8119	2024-05-20 10:04:51	1	0	1	0
          8246	2024-05-20 10:15:03	1	0	1	0
          8149	2024-05-20 10:17:37	1	0	1	0
          8123	2024-05-20 10:34:36	1	0	1	0
          8083	2024-05-21 07:54:19	1	0	1	0
          8070	2024-05-21 07:54:35	1	0	1	0
          8237	2024-05-21 07:55:10	1	0	1	0
          8228	2024-05-21 07:55:59	1	0	1	0
          8048	2024-05-21 07:56:14	1	0	1	0
          8025	2024-05-21 07:56:25	1	0	1	0
          8061	2024-05-21 07:56:34	1	0	1	0
          8144	2024-05-21 07:56:40	1	0	1	0
          8002	2024-05-21 07:56:50	1	0	1	0
          8156	2024-05-21 07:56:57	1	0	1	0
          8064	2024-05-21 07:58:11	1	0	1	0
          8168	2024-05-21 07:58:23	1	0	1	0
          8065	2024-05-21 07:58:30	1	0	1	0
          8077	2024-05-21 07:58:34	1	0	1	0
          8241	2024-05-21 07:58:43	1	0	1	0
          8052	2024-05-21 07:59:01	1	0	1	0
          8028	2024-05-21 07:59:06	1	0	1	0
          8014	2024-05-21 07:59:43	1	0	1	0
          8133	2024-05-21 08:00:17	1	0	1	0
          8023	2024-05-21 08:00:50	1	0	1	0
          8122	2024-05-21 08:01:01	1	0	1	0
          8164	2024-05-21 08:01:05	1	0	1	0
          8038	2024-05-21 08:01:09	1	0	1	0
          8229	2024-05-21 08:01:19	1	0	1	0
          8056	2024-05-21 08:01:32	1	0	1	0
          8032	2024-05-21 08:01:39	1	0	1	0
          8095	2024-05-21 08:01:44	1	0	1	0
          8047	2024-05-21 08:01:50	1	0	1	0
          8155	2024-05-21 08:02:49	1	0	1	0
          8001	2024-05-21 08:03:25	1	0	1	0
          8101	2024-05-21 08:03:32	1	0	1	0
          8258	2024-05-21 08:03:36	1	0	1	0
          8211	2024-05-21 08:03:42	1	0	1	0
          8085	2024-05-21 08:03:47	1	0	1	0
          8232	2024-05-21 08:03:53	1	0	1	0
          8233	2024-05-21 08:04:00	1	0	1	0
          8108	2024-05-21 08:04:08	1	0	1	0
          8148	2024-05-21 08:05:50	1	0	1	0
          8123	2024-05-21 08:06:05	1	0	1	0
          8247	2024-05-21 08:06:11	1	0	1	0
          8008	2024-05-21 08:06:42	1	0	1	0
          8051	2024-05-21 08:06:47	1	0	1	0
          8257	2024-05-21 08:06:55	1	0	1	0
          8030	2024-05-21 08:07:00	1	0	1	0
          8227	2024-05-21 08:07:08	1	0	1	0
          8054	2024-05-21 08:07:13	1	0	1	0
          8046	2024-05-21 08:07:19	1	0	1	0
          8158	2024-05-21 08:07:24	1	0	1	0
          8045	2024-05-21 08:08:48	1	0	1	0
          8157	2024-05-21 08:08:52	1	0	1	0
          8034	2024-05-21 08:08:59	1	0	1	0
          8036	2024-05-21 08:09:10	1	0	1	0
          8132	2024-05-21 08:09:43	1	0	1	0
          8134	2024-05-21 08:09:48	1	0	1	0
          8109	2024-05-21 08:09:53	1	0	1	0
          8078	2024-05-21 08:10:09	1	0	1	0
          8141	2024-05-21 08:10:18	1	0	1	0
          8031	2024-05-21 08:10:42	1	0	1	0
          8150	2024-05-21 08:10:47	1	0	1	0
          8088	2024-05-21 08:10:56	1	0	1	0
          8118	2024-05-21 08:11:03	1	0	1	0
          8011	2024-05-21 08:11:10	1	0	1	0
          8131	2024-05-21 08:11:36	1	0	1	0
          8069	2024-05-21 08:11:39	1	0	1	0
          8154	2024-05-21 08:11:44	1	0	1	0
          8200	2024-05-21 08:11:55	1	0	1	0
          8004	2024-05-21 08:12:07	1	0	1	0
          8204	2024-05-21 08:12:18	1	0	1	0
          8050	2024-05-21 08:12:23	1	0	1	0
          8099	2024-05-21 08:12:45	1	0	1	0
          8026	2024-05-21 08:12:51	1	0	1	0
          8087	2024-05-21 08:12:57	1	0	1	0
          8142	2024-05-21 08:13:04	1	0	1	0
          8205	2024-05-21 08:13:33	1	0	1	0
          8242	2024-05-21 08:13:38	1	0	1	0
          8042	2024-05-21 08:13:44	1	0	1	0
          8153	2024-05-21 08:13:48	1	0	1	0
          8017	2024-05-21 08:13:58	1	0	1	0
          8238	2024-05-21 08:14:02	1	0	1	0
          8222	2024-05-21 08:14:12	1	0	1	0
          8057	2024-05-21 08:14:36	1	0	1	0
          8104	2024-05-21 08:14:41	1	0	1	0
          8215	2024-05-21 08:14:48	1	0	1	0
          8082	2024-05-21 08:15:08	1	0	1	0
          8245	2024-05-21 08:15:12	1	0	1	0
          8086	2024-05-21 08:15:18	1	0	1	0
          8128	2024-05-21 08:15:32	1	0	1	0
          8027	2024-05-21 08:15:37	1	0	1	0
          8090	2024-05-21 08:15:43	1	0	1	0
          8203	2024-05-21 08:15:47	1	0	1	0
          8022	2024-05-21 08:15:55	1	0	1	0
          8159	2024-05-21 08:16:45	1	0	1	0
          8073	2024-05-21 08:16:50	1	0	1	0
          8201	2024-05-21 08:17:07	1	0	1	0
          8171	2024-05-21 08:17:13	1	0	1	0
          8160	2024-05-21 08:17:21	1	0	1	0
          8206	2024-05-21 08:17:43	1	0	1	0
          8015	2024-05-21 08:18:32	1	0	1	0
          8251	2024-05-21 08:18:44	1	0	1	0
          8217	2024-05-21 08:18:50	1	0	1	0
          8218	2024-05-21 08:19:22	1	0	1	0
          8214	2024-05-21 08:19:29	1	0	1	0
          8016	2024-05-21 08:19:36	1	0	1	0
          8093	2024-05-21 08:20:14	1	0	1	0
          8066	2024-05-21 08:20:19	1	0	1	0
          8231	2024-05-21 08:20:25	1	0	1	0
          8007	2024-05-21 08:22:12	1	0	1	0
          8138	2024-05-21 08:22:20	1	0	1	0
          8210	2024-05-21 08:22:26	1	0	1	0
          8018	2024-05-21 08:22:47	1	0	1	0
          8084	2024-05-21 08:22:53	1	0	1	0
          8005	2024-05-21 08:23:33	1	0	1	0
          8166	2024-05-21 08:24:14	1	0	1	0
          8230	2024-05-21 08:24:19	1	0	1	0
          8187	2024-05-21 08:24:52	1	0	1	0
          8039	2024-05-21 08:25:31	1	0	1	0
          8239	2024-05-21 08:26:03	1	0	1	0
          8185	2024-05-21 08:26:08	1	0	1	0
          8120	2024-05-21 08:26:13	1	0	1	0
          8071	2024-05-21 08:27:36	1	0	1	0
          8063	2024-05-21 08:28:41	1	0	1	0
          8249	2024-05-21 08:28:46	1	0	1	0
          8021	2024-05-21 08:31:15	1	0	1	0
          8244	2024-05-21 08:31:36	1	0	1	0
          8175	2024-05-21 08:31:44	1	0	1	0
          8019	2024-05-21 08:31:48	1	0	1	0
          8137	2024-05-21 08:32:32	1	0	1	0
          8197	2024-05-21 08:32:39	1	0	1	0
          8216	2024-05-21 08:33:17	1	0	1	0
          8127	2024-05-21 08:33:39	1	0	1	0
          8006	2024-05-21 08:36:29	1	0	1	0
          8240	2024-05-21 08:37:03	1	0	1	0
          8020	2024-05-21 08:37:16	1	0	1	0
          8111	2024-05-21 08:38:50	1	0	1	0
          8172	2024-05-21 08:39:22	1	0	1	0
          8165	2024-05-21 08:42:10	1	0	1	0
          8102	2024-05-21 08:44:39	1	0	1	0
          8183	2024-05-21 08:44:53	1	0	1	0
          8033	2024-05-21 08:45:21	1	0	1	0
          8029	2024-05-21 08:47:07	1	0	1	0
          8172	2024-05-21 08:47:34	1	0	1	0
          8174	2024-05-21 08:49:48	1	0	1	0
          8181	2024-05-21 08:51:31	1	0	1	0
          8180	2024-05-21 08:52:09	1	0	1	0
          8143	2024-05-21 08:52:42	1	0	1	0
          8119	2024-05-21 08:53:24	1	0	1	0
          8250	2024-05-21 08:54:17	1	0	1	0
          8248	2024-05-21 08:55:05	1	0	1	0
          8136	2024-05-21 08:56:03	1	0	1	0
          8196	2024-05-21 08:57:16	1	0	1	0
          8010	2024-05-21 08:58:05	1	0	1	0
          8012	2024-05-21 08:59:03	1	0	1	0
          8024	2024-05-21 09:01:52	1	0	1	0
          8037	2024-05-21 09:03:26	1	0	1	0
          8060	2024-05-21 09:04:35	1	0	1	0
          8003	2024-05-21 09:05:47	1	0	1	0
          8049	2024-05-21 09:06:46	1	0	1	0
          8075	2024-05-21 09:09:48	1	0	1	0
          8094	2024-05-21 09:10:32	1	0	1	0
          8198	2024-05-21 09:11:36	1	0	1	0
          8139	2024-05-21 09:12:07	1	0	1	0
          8149	2024-05-21 09:19:32	1	0	1	0
          8224	2024-05-21 09:25:27	1	0	1	0
          8072	2024-05-21 09:26:20	1	0	1	0
          8012	2024-05-21 09:29:49	1	0	1	0
          8083	2024-05-22 07:50:45	1	0	1	0
          8070	2024-05-22 07:50:56	1	0	1	0
          8061	2024-05-22 07:51:22	1	0	1	0
          8237	2024-05-22 07:51:33	1	0	1	0
          8048	2024-05-22 07:51:39	1	0	1	0
          8025	2024-05-22 07:51:46	1	0	1	0
          8144	2024-05-22 07:52:02	1	0	1	0
          8002	2024-05-22 07:52:11	1	0	1	0
          8228	2024-05-22 07:52:16	1	0	1	0
          8055	2024-05-22 07:52:25	1	0	1	0
          8064	2024-05-22 07:53:25	1	0	1	0
          8065	2024-05-22 07:53:30	1	0	1	0
          8077	2024-05-22 07:53:33	1	0	1	0
          8156	2024-05-22 07:53:38	1	0	1	0
          8241	2024-05-22 07:53:43	1	0	1	0
          8028	2024-05-22 07:53:47	1	0	1	0
          8052	2024-05-22 07:53:51	1	0	1	0
          8168	2024-05-22 07:54:00	1	0	1	0
          8014	2024-05-22 07:54:07	1	0	1	0
          8158	2024-05-22 07:54:55	1	0	1	0
          8054	2024-05-22 07:55:26	1	0	1	0
          8008	2024-05-22 07:55:35	1	0	1	0
          8069	2024-05-22 07:55:39	1	0	1	0
          8188	2024-05-22 07:55:48	1	0	1	0
          8046	2024-05-22 07:56:01	1	0	1	0
          8030	2024-05-22 07:56:13	1	0	1	0
          8123	2024-05-22 07:56:20	1	0	1	0
          8154	2024-05-22 07:56:28	1	0	1	0
          8079	2024-05-22 07:56:38	1	0	1	0
          8150	2024-05-22 07:56:43	1	0	1	0
          8045	2024-05-22 07:56:56	1	0	1	0
          8031	2024-05-22 07:57:01	1	0	1	0
          8004	2024-05-22 07:57:10	1	0	1	0
          8109	2024-05-22 07:57:17	1	0	1	0
          8227	2024-05-22 07:57:52	1	0	1	0
          8078	2024-05-22 07:57:57	1	0	1	0
          8051	2024-05-22 07:58:02	1	0	1	0
          8148	2024-05-22 07:58:18	1	0	1	0
          8131	2024-05-22 07:58:22	1	0	1	0
          8034	2024-05-22 07:58:33	1	0	1	0
          8247	2024-05-22 07:59:39	1	0	1	0
          8011	2024-05-22 07:59:58	1	0	1	0
          8113	2024-05-22 08:00:28	1	0	1	0
          8257	2024-05-22 08:00:40	1	0	1	0
          8134	2024-05-22 08:00:47	1	0	1	0
          8056	2024-05-22 08:01:04	1	0	1	0
          8145	2024-05-22 08:01:12	1	0	1	0
          8221	2024-05-22 08:01:18	1	0	1	0
          8175	2024-05-22 08:01:23	1	0	1	0
          8132	2024-05-22 08:01:26	1	0	1	0
          8204	2024-05-22 08:01:59	1	0	1	0
          8085	2024-05-22 08:02:06	1	0	1	0
          8108	2024-05-22 08:02:15	1	0	1	0
          8229	2024-05-22 08:02:31	1	0	1	0
          8101	2024-05-22 08:02:42	1	0	1	0
          8211	2024-05-22 08:02:47	1	0	1	0
          8155	2024-05-22 08:02:51	1	0	1	0
          8074	2024-05-22 08:03:14	1	0	1	0
          8133	2024-05-22 08:03:19	1	0	1	0
          8095	2024-05-22 08:03:28	1	0	1	0
          8032	2024-05-22 08:03:34	1	0	1	0
          8164	2024-05-22 08:03:39	1	0	1	0
          8019	2024-05-22 08:03:50	1	0	1	0
          8001	2024-05-22 08:04:09	1	0	1	0
          8047	2024-05-22 08:04:21	1	0	1	0
          8122	2024-05-22 08:04:26	1	0	1	0
          8038	2024-05-22 08:04:33	1	0	1	0
          8087	2024-05-22 08:04:37	1	0	1	0
          8050	2024-05-22 08:04:41	1	0	1	0
          8099	2024-05-22 08:05:00	1	0	1	0
          8058	2024-05-22 08:05:04	1	0	1	0
          8042	2024-05-22 08:05:25	1	0	1	0
          8026	2024-05-22 08:05:49	1	0	1	0
          8024	2024-05-22 08:05:54	1	0	1	0
          8242	2024-05-22 08:05:59	1	0	1	0
          8044	2024-05-22 08:06:12	1	0	1	0
          8104	2024-05-22 08:06:20	1	0	1	0
          8073	2024-05-22 08:06:32	1	0	1	0
          8090	2024-05-22 08:06:36	1	0	1	0
          8215	2024-05-22 08:06:52	1	0	1	0
          8027	2024-05-22 08:06:56	1	0	1	0
          8017	2024-05-22 08:07:01	1	0	1	0
          8238	2024-05-22 08:07:20	1	0	1	0
          8086	2024-05-22 08:07:46	1	0	1	0
          8022	2024-05-22 08:07:53	1	0	1	0
          8159	2024-05-22 08:08:05	1	0	1	0
          8203	2024-05-22 08:08:11	1	0	1	0
          8153	2024-05-22 08:08:16	1	0	1	0
          8057	2024-05-22 08:08:35	1	0	1	0
          8222	2024-05-22 08:08:43	1	0	1	0
          8251	2024-05-22 08:09:35	1	0	1	0
          8076	2024-05-22 08:09:44	1	0	1	0
          8214	2024-05-22 08:10:02	1	0	1	0
          8218	2024-05-22 08:10:31	1	0	1	0
          8217	2024-05-22 08:10:40	1	0	1	0
          8120	2024-05-22 08:10:57	1	0	1	0
          8084	2024-05-22 08:11:37	1	0	1	0
          8063	2024-05-22 08:11:50	1	0	1	0
          8225	2024-05-22 08:12:08	1	0	1	0
          8138	2024-05-22 08:12:49	1	0	1	0
          8105	2024-05-22 08:14:32	1	0	1	0
          8239	2024-05-22 08:15:15	1	0	1	0
          8187	2024-05-22 08:15:31	1	0	1	0
          8016	2024-05-22 08:16:17	1	0	1	0
          8093	2024-05-22 08:17:09	1	0	1	0
          8066	2024-05-22 08:18:06	1	0	1	0
          8231	2024-05-22 08:18:14	1	0	1	0
          8185	2024-05-22 08:18:23	1	0	1	0
          8007	2024-05-22 08:18:31	1	0	1	0
          8039	2024-05-22 08:18:44	1	0	1	0
          8230	2024-05-22 08:20:31	1	0	1	0
          8206	2024-05-22 08:21:15	1	0	1	0
          8233	2024-05-22 08:21:25	1	0	1	0
          8232	2024-05-22 08:21:44	1	0	1	0
          8166	2024-05-22 08:21:54	1	0	1	0
          8071	2024-05-22 08:22:00	1	0	1	0
          8018	2024-05-22 08:22:33	1	0	1	0
          8100	2024-05-22 08:22:59	1	0	1	0
          8005	2024-05-22 08:23:22	1	0	1	0
          8249	2024-05-22 08:23:36	1	0	1	0
          8160	2024-05-22 08:25:14	1	0	1	0
          8097	2024-05-22 08:26:23	1	0	1	0
          8216	2024-05-22 08:26:45	1	0	1	0
          8212	2024-05-22 08:27:02	1	0	1	0
          8127	2024-05-22 08:27:28	1	0	1	0
          8033	2024-05-22 08:28:47	1	0	1	0
          8006	2024-05-22 08:30:00	1	0	1	0
          8021	2024-05-22 08:30:49	1	0	1	0
          8137	2024-05-22 08:31:46	1	0	1	0
          8240	2024-05-22 08:32:58	1	0	1	0
          8223	2024-05-22 08:37:00	1	0	1	0
          8111	2024-05-22 08:39:03	1	0	1	0
          8029	2024-05-22 08:40:20	1	0	1	0
          8096	2024-05-22 08:40:52	1	0	1	0
          8119	2024-05-22 08:42:21	1	0	1	0
          8010	2024-05-22 08:43:15	1	0	1	0
          8248	2024-05-22 08:43:48	1	0	1	0
          8060	2024-05-22 08:44:32	1	0	1	0
          8250	2024-05-22 08:47:23	1	0	1	0
          8181	2024-05-22 08:53:14	1	0	1	0
          8180	2024-05-22 08:53:53	1	0	1	0
          8037	2024-05-22 08:54:32	1	0	1	0
          8174	2024-05-22 08:55:29	1	0	1	0
          8049	2024-05-22 08:57:03	1	0	1	0
          8003	2024-05-22 09:00:00	1	0	1	0
          8143	2024-05-22 09:04:03	1	0	1	0
          8075	2024-05-22 09:08:47	1	0	1	0
          8198	2024-05-22 09:09:42	1	0	1	0
          8196	2024-05-22 09:10:25	1	0	1	0
          8072	2024-05-22 09:12:08	1	0	1	0
          8103	2024-05-22 09:13:03	1	0	1	0
          8156	2024-05-23 07:47:40	1	0	1	0
          8065	2024-05-23 07:47:46	1	0	1	0
          8077	2024-05-23 07:47:50	1	0	1	0
          8028	2024-05-23 07:47:53	1	0	1	0
          8052	2024-05-23 07:48:06	1	0	1	0
          8064	2024-05-23 07:48:11	1	0	1	0
          8014	2024-05-23 07:48:19	1	0	1	0
          8087	2024-05-23 07:48:26	1	0	1	0
          8122	2024-05-23 07:48:32	1	0	1	0
          8108	2024-05-23 07:48:38	1	0	1	0
          8038	2024-05-23 07:48:41	1	0	1	0
          8101	2024-05-23 07:48:54	1	0	1	0
          8034	2024-05-23 07:49:25	1	0	1	0
          8030	2024-05-23 07:49:42	1	0	1	0
          8158	2024-05-23 07:49:48	1	0	1	0
          8069	2024-05-23 07:49:54	1	0	1	0
          8131	2024-05-23 07:50:04	1	0	1	0
          8200	2024-05-23 07:50:09	1	0	1	0
          8054	2024-05-23 07:50:13	1	0	1	0
          8227	2024-05-23 07:50:31	1	0	1	0
          8004	2024-05-23 07:50:41	1	0	1	0
          8109	2024-05-23 07:50:47	1	0	1	0
          8150	2024-05-23 07:50:51	1	0	1	0
          8045	2024-05-23 07:50:55	1	0	1	0
          8078	2024-05-23 07:50:58	1	0	1	0
          8132	2024-05-23 07:51:05	1	0	1	0
          8134	2024-05-23 07:51:11	1	0	1	0
          8088	2024-05-23 07:51:20	1	0	1	0
          8051	2024-05-23 07:51:27	1	0	1	0
          8031	2024-05-23 07:51:32	1	0	1	0
          8188	2024-05-23 07:52:31	1	0	1	0
          8079	2024-05-23 07:52:51	1	0	1	0
          8257	2024-05-23 07:53:07	1	0	1	0
          8019	2024-05-23 07:53:12	1	0	1	0
          8229	2024-05-23 07:53:17	1	0	1	0
          8026	2024-05-23 07:53:53	1	0	1	0
          8215	2024-05-23 07:54:04	1	0	1	0
          8027	2024-05-23 07:54:56	1	0	1	0
          8058	2024-05-23 07:55:00	1	0	1	0
          8057	2024-05-23 07:55:09	1	0	1	0
          8242	2024-05-23 07:55:22	1	0	1	0
          8220	2024-05-23 07:55:53	1	0	1	0
          8104	2024-05-23 07:56:01	1	0	1	0
          8090	2024-05-23 07:56:10	1	0	1	0
          8128	2024-05-23 07:56:16	1	0	1	0
          8205	2024-05-23 07:56:22	1	0	1	0
          8201	2024-05-23 07:56:32	1	0	1	0
          8142	2024-05-23 07:56:43	1	0	1	0
          8086	2024-05-23 07:56:50	1	0	1	0
          8160	2024-05-23 07:57:04	1	0	1	0
          8238	2024-05-23 07:57:08	1	0	1	0
          8017	2024-05-23 07:57:15	1	0	1	0
          8159	2024-05-23 07:57:20	1	0	1	0
          8222	2024-05-23 07:57:25	1	0	1	0
          8073	2024-05-23 07:57:37	1	0	1	0
          8203	2024-05-23 07:57:42	1	0	1	0
          8146	2024-05-23 07:57:50	1	0	1	0
          8024	2024-05-23 07:57:56	1	0	1	0
          8044	2024-05-23 07:58:01	1	0	1	0
          8138	2024-05-23 07:58:21	1	0	1	0
          8063	2024-05-23 08:01:12	1	0	1	0
          8206	2024-05-23 08:01:28	1	0	1	0
          8233	2024-05-23 08:01:38	1	0	1	0
          8056	2024-05-23 08:02:03	1	0	1	0
          8099	2024-05-23 08:02:11	1	0	1	0
          8258	2024-05-23 08:02:17	1	0	1	0
          8076	2024-05-23 08:02:24	1	0	1	0
          8007	2024-05-23 08:02:36	1	0	1	0
          8249	2024-05-23 08:02:41	1	0	1	0
          8055	2024-05-23 08:02:49	1	0	1	0
          8251	2024-05-23 08:02:54	1	0	1	0
          8105	2024-05-23 08:03:06	1	0	1	0
          8218	2024-05-23 08:03:14	1	0	1	0
          8120	2024-05-23 08:03:20	1	0	1	0
          8089	2024-05-23 08:03:30	1	0	1	0
          8039	2024-05-23 08:03:36	1	0	1	0
          8217	2024-05-23 08:03:43	1	0	1	0
          8214	2024-05-23 08:03:55	1	0	1	0
          8208	2024-05-23 08:04:23	1	0	1	0
          8016	2024-05-23 08:04:43	1	0	1	0
          8210	2024-05-23 08:04:51	1	0	1	0
          8239	2024-05-23 08:05:06	1	0	1	0
          8018	2024-05-23 08:05:16	1	0	1	0
          8231	2024-05-23 08:06:29	1	0	1	0
          8001	2024-05-23 08:06:51	1	0	1	0
          8050	2024-05-23 08:06:59	1	0	1	0
          8211	2024-05-23 08:07:07	1	0	1	0
          8066	2024-05-23 08:08:02	1	0	1	0
          8093	2024-05-23 08:08:11	1	0	1	0
          8071	2024-05-23 08:08:16	1	0	1	0
          8005	2024-05-23 08:08:24	1	0	1	0
          8230	2024-05-23 08:08:31	1	0	1	0
          8082	2024-05-23 08:08:38	1	0	1	0
          8245	2024-05-23 08:08:41	1	0	1	0
          8100	2024-05-23 08:09:10	1	0	1	0
          8241	2024-05-23 08:09:15	1	0	1	0
          8127	2024-05-23 08:10:30	1	0	1	0
          8216	2024-05-23 08:10:45	1	0	1	0
          8085	2024-05-23 08:10:52	1	0	1	0
          8223	2024-05-23 08:11:19	1	0	1	0
          8102	2024-05-23 08:12:25	1	0	1	0
          8140	2024-05-23 08:13:25	1	0	1	0
          8137	2024-05-23 08:14:04	1	0	1	0
          8135	2024-05-23 08:14:13	1	0	1	0
          8006	2024-05-23 08:15:44	1	0	1	0
          8021	2024-05-23 08:19:34	1	0	1	0
          8029	2024-05-23 08:20:26	1	0	1	0
          8033	2024-05-23 08:20:39	1	0	1	0
          8110	2024-05-23 08:21:49	1	0	1	0
          8020	2024-05-23 08:29:30	1	0	1	0
          8144	2024-05-23 08:30:00	1	0	1	0
          8002	2024-05-23 08:30:07	1	0	1	0
          8133	2024-05-23 08:30:12	1	0	1	0
          8048	2024-05-23 08:30:21	1	0	1	0
          8237	2024-05-23 08:30:30	1	0	1	0
          8083	2024-05-23 08:30:42	1	0	1	0
          8061	2024-05-23 08:31:08	1	0	1	0
          8025	2024-05-23 08:31:24	1	0	1	0
          8228	2024-05-23 08:31:33	1	0	1	0
          8070	2024-05-23 08:31:39	1	0	1	0
          8143	2024-05-23 09:26:27	1	0	1	0
          8119	2024-05-23 09:27:11	1	0	1	0
          8250	2024-05-23 09:29:11	1	0	1	0
          8174	2024-05-23 09:29:56	1	0	1	0
          8196	2024-05-23 09:31:09	1	0	1	0
          8010	2024-05-23 09:31:54	1	0	1	0
          8037	2024-05-23 09:34:03	1	0	1	0
          8224	2024-05-23 09:35:14	1	0	1	0
          8060	2024-05-23 09:37:02	1	0	1	0
          8003	2024-05-23 09:38:13	1	0	1	0
          8049	2024-05-23 09:39:06	1	0	1	0
          8075	2024-05-23 09:40:14	1	0	1	0
          8124	2024-05-23 09:42:08	1	0	1	0
          8149	2024-05-23 09:45:16	1	0	1	0
          8176	2024-05-23 10:07:31	1	0	1	0
          8042	2024-05-23 10:08:40	1	0	1	0
          8191	2024-05-24 08:10:38	1	0	1	0
          8190	2024-05-24 08:11:21	1	0	1	0
          8189	2024-05-24 08:11:57	1	0	1	0
          8192	2024-05-24 08:14:56	1	0	1	0
          8193	2024-05-24 08:17:15	1	0	1	0
          8194	2024-05-24 08:19:10	1	0	1	0
          8195	2024-05-24 08:20:21	1	0	1	0
          8261	2024-05-24 08:27:57	1	0	1	0
          8207	2024-05-24 08:37:27	1	0	1	0
          8262	2024-05-24 08:38:29	1	0	1	0
          8108	2024-05-24 08:39:38	1	0	1	0
          8037	2024-05-24 08:41:38	1	0	1	0
          8181	2024-05-24 08:42:37	1	0	1	0
          8263	2024-05-24 08:47:16	1	0	1	0
          8124	2024-05-24 08:50:11	1	0	1	0
          8174	2024-05-24 08:51:25	1	0	1	0
          8068	2024-05-24 08:54:45	1	0	1	0
          8260	2024-05-24 08:56:33	1	0	1	0
          8181	2024-05-24 08:58:45	1	0	1	0
          8198	2024-05-24 09:00:56	1	0	1	0
          8264	2024-05-24 09:03:32	1	0	1	0
          8265	2024-05-24 09:05:03	1	0	1	0
          8075	2024-05-24 09:05:49	1	0	1	0
          8049	2024-05-24 09:07:41	1	0	1	0
          8126	2024-05-24 09:12:55	1	0	1	0
          8250	2024-05-24 09:21:54	1	0	1	0
          8143	2024-05-24 09:22:08	1	0	1	0
          8266	2024-05-24 09:25:52	1	0	1	0
          8267	2024-05-24 09:26:59	1	0	1	0
             2	2024-05-24 09:28:57	1	0	1	0
          8268	2024-05-24 09:30:03	1	0	1	0
          8269	2024-05-24 09:31:32	1	0	1	0
          8270	2024-05-24 09:35:55	1	0	1	0
          8272	2024-05-24 09:37:11	1	0	1	0
          8271	2024-05-24 09:37:55	1	0	1	0
          8177	2024-05-24 09:38:40	1	0	1	0
